gun.m762.recoil=40.86666667,27.46666667,31.66666667,34,36.33333333,42.66666667,45,46,47,47.93333333,47.66666667,49.06666667,52.86666667,52.86666667,54.4,53.33333333,53.33333333,53.33333333,53.33333333,53.33333333,53.33333333,53.33333333,53.33333333,53.33333333,53.33333333,53.33333333,53.33333333,53.33333333,53.33333333,53.33333333,53.33333333,53.33333333,53.33333333,53.33333333,53.33333333,53.33333333,53.33333333,53.33333333,53.33333333,53.33333333
gun.m762.interval=86
gun.m4.recoil=32.66666667,24.66666667,25.33333333,26,28.66666667,30.66666667,31.33333333,31.33333333,32,32.66666667,33.33333333,32.66666667,36.66666667,37.33333333,38.66666667,40,40,40,40,40,40,40,40,40,40,40,40,40,40,40,40,40,40,40,40,40,40,40,40,40
gun.m4.interval=86
sensitivity.target=50
sapi.volume=100
sapi.rate=2
warning.switch=1
warning.interval=10
recoil.interval.ratio=0.99
recoil.random.seed=0.01