gun.ak.recoil=40.86666667,27.46666667,31.66666667,34,36.33333333,42.66666667,45,46,47,47.93333333,47.66666667,49.06666667,52.86666667,52.86666667,54.4,53.33333333,53.33333333,53.33333333,53.33333333,53.33333333,53.33333333,53.33333333,53.33333333,53.33333333,53.33333333,53.33333333,53.33333333,53.33333333,53.33333333,53.33333333,53.33333333,53.33333333,53.33333333,53.33333333,53.33333333,53.33333333,53.33333333,53.33333333,53.33333333,53.33333333
gun.ak.interval=100
gun.m4.recoil=31.96,15.51,17.86,22.09,22.56,25.85,24.44,26.79,25.85,29.14,27.26,28.67,23.5,23.5,23.03,26.79,32.43,30.08,34.31,34.31,34.31,34.31,34.31,34.31
gun.m4.interval=86
sensitivity.target=50
sapi.volume=100
sapi.rate=2
warning.switch=1
warning.interval=10
recoil.interval.ratio=0.9999
recoil.random.seed=0